A = [10	1
2	0
5	0
1	0
2	0
5	0
2	0
10	1
5	1
10	1
10	3
10	1
250	1
1250	1
200	2
750	1
2500	1
750	3
1500	2
1750	1
750	1
1500	2
4000	1
2500	1
500	1
750	1
2500	1
1250	1
250	1
750	1
20	1
8	1
500	1
500	1
1250	1
10	1
1250	1
1500	1
2500	1
1000	1
300	1
750	1
750	2
500	1
1500	1
2500	2
2500	2
4000	3
1750	2
2000	2
2500	2
3750	1
250	1
750	1
1500	1
4000	1
600	1
1500	1
250	1
250	1
750	1
1000	1
1000	1
300	1
1500	1
750	1
200	1
1500	1
1000	1
1250	1
1250	1
750	2
1500	1
1500	2
2500	2
2500	2
4000	2
3750	1
750	2
500	1
1250	1
1000	1
500	2
750	5
1500	10
1500	10
2500	1
2500	3
2500	5
4000	15
1750	5
2000	2
2500	2
3750	3
1000	2
1250	1
1500	1
2500	2
250	1
250	2
1000	1
750	1
1500	1
500	2
750	1
4000	2
500	5
750	2
1250	5
3500	15
100	2
1000	1
500	1
1250	2
1250	4
1500	2
500	1
1500	5
2500	1
2500	1
2500	3
4000	1
1750	1
3750	1
300	1
500	1
1000	2
1000	2
1500	1
2500	1
500	1
750	1
1000	2
1500	1
2500	1
1000	1
1250	1
750	1
1500	1
2500	1
2500	1
600	1
1750	2
1500	2
1500	5
1250	1
4000	1
1000	1
50	1
250	1
5	0
30	0
60	0
250	0
500	0
1500	0
500	0
1000	0
1250	0
1250	0
250	0
200	0
30	0
5	0
5	0
5	0
30	0
10	0
1	0
250	0
50	0
250	0
500	0
750	0
1000	0
300	0
3750	0
750	0
5	0
5	0
5	0
125	0
135	0
215	0
500	0
750	0
200	0
1600	0
1600	0
400	0
200	0
750	1
500	1
3000	1
600	2
1500	1
4000	1
2500	1
750	1
2500	1
100	1
500	1
1000	2
1000	3
2500	1
1000	1
500	2
750	1
500	1
1250	1
1000	1
1500	1
1500	1
500	1
500	1
2500	1
1500	1
1500	1
300	1
500	2
750	1
1500	1
4000	1
1000	1
1500	1
2000	1
1500	1
500	2
750	2
1000	1
1250	1
250	2
250	3
750	1
1000	1
2000	1
3750	1
4000	1
500	1
1250	1
500	1
2000	1
250	1
2000	1
500	2
1500	1
350	1
1750	2
500	1
1250	1
1500	4
1000	1
2500	1
250	1
750	5
1000	1
750	2
500	1
10	1
1500	1
2500	1
1250	1
300	2
1000	1
1600	1
1750	1
500	4
500	4
1250	3
3000	1
100	1
500	1
2500	1
2500	1
2000	2
1500	1
500	1
10	1
500	1
1500	1
1500	1
750	1
2500	2
750	1
30	1
150	5
1500	1
2000	1
100	1
200	3
1000	1
1250	1
1250	3
1000	1
1250	1
500	1
250	1
3000	1
1750	1
3750	1
1250	1
1500	5
2000	7
250	1
500	4
750	1
2000	10
3750	5
500	1
500	1
1250	1
600	1
600	2
1500	1
500	2
500	4
1250	2
500	3
1000	1
750	2
250	1
250	5
1000	5
750	1
2000	3
500	1
500	2
1250	1
750	1
2000	1
3750	1
750	1
750	1
1500	1
1500	1
1500	1
2500	1
2500	2
2500	2
4000	5
3750	1
1000	2
750	1
750	1
1250	1
1500	1
250	1
4000	1
100	1
350	1
1250	1
750	1
1250	2
1750	2
750	1
500	1
750	1
1250	1
1250	1
1750	2
1250	1
5	1
2500	1
600	1
1750	1
750	1
3750	2
2500	1
3000	2
750	3
1500	4
1750	2
250	1
500	2
500	8
1250	2
3000	1
1500	1
2500	1
2500	1
500	2
750	2
2500	1
350	1
6	1
500	1
500	1
500	1
1250	2
1500	1
1500	1
750	2
1250	2
2500	1
2500	1
2500	3
750	1
1000	1
1500	1
2500	1
250	1
750	1
300	2
10	2
1250	2
1500	1
2000	2
750	1
1250	4
200	3
1000	2
1000	3
1250	4
1250	5
1250	10
250	1
200	1
600	3
750	1
1500	2
4000	1
500	1
750	5
1500	3
1500	5
1500	10
2500	1
2500	2
2500	6
4000	15
1750	4
2000	4
2500	2
3750	5
500	2
1250	2
1500	1
2500	2
2500	4
2500	4
1000	1
2000	1
1500	1
500	1
4000	15
1600	1
1500	1
1500	5
3750	1
1000	1
500	1
2500	1
500	1
1000	1
1000	1
1000	1
1500	2
1500	1
2000	1
1250	1
1500	1
2500	1
1000	1
2000	1
4	1
2500	1
100	1
500	1
750	1
50	0
10	0
50	0
12	0
12	0
1	0
2	0
6	0
2	0
10	0
20	0
3	0
4	0
15	0
1	0
2	0
1	0
10	0
10	0
20	0
10	0
1	0
2	0
10	0
10	0
10	0
3	1
50	2
20	1
50	1
12	3
1	0
30	0
25	0
5	0
2	0
1	1
12	2
20	10
1	0
8	1
10	0
40	0
50	0
30	0
5	0
5	1
10	0
1400	1
2000	1
5000	2
1200	7
3000	10
1000	2
2000	2
100	4
2000	1
2000	6
4000	5
10000	1
1000	3
2000	1
2000	2
2000	2
3000	2
10000	7
5000	7
1000	2
1000	2
1200	2
1200	6
3000	1
3000	10
1000	2
2000	6
1000	2
200	1
2000	3
3000	3
2000	1
4000	1
200	5
1000	1
2000	5
600	2
2000	3
1000	10
1000	2
1000	1
3000	1
1000	6
2000	11
100	1
1000	1
10000	1
2000	1
1000	1
2000	3
1000	2
3000	1
5000	1
5000	1
1000	1
2000	1
1200	1
1000	2
2000	1
2000	5
2000	1
4000	1
1000	1
2000	1
250	0
1000	0
1000	0
1000	0
1000	0
2000	0
6000	0
1000	0
1000	0
5000	0
200	0
400	0
600	2
1000	1
1000	1
10000	1
3000	1
1000	1
3000	2
1000	1
4000	1
200	1
1000	1
1000	1
600	1
2000	1
10000	1
600	3
1000	1
1000	1
1000	1
1200	1
3000	2
200	20
1000	1
1000	1
1000	1
1000	6
1200	1
3000	1
200	1
1400	5
2000	1
5000	6
5000	1
2000	6
1000	10
1200	1
3000	1
2000	5
200	1
1000	1
1000	3
600	2
100	1
2000	4
1000	2
2000	10
3000	7
1000	2
1000	1
3000	2
10000	1
1000	1
2000	2
3000	3
4000	1
3000	2
1000	4
1000	6
2000	10
1000	2
1000	1
1400	1
2000	1
1200	2
3000	5
1000	5
2000	5
2000	10
2000	1
3000	1
2000	1
4000	1
2000	2
2000	4
3000	2
10000	2
500	1
1000	1
500	1
2000	1
500	1
500	1
500	1
500	1
1000	1
2000	6
1000	2
2000	2
500	5
1000	5
1000	10
2000	5
500	6
1000	1
1000	1
2000	1
1000	1
2000	2
500	1
2000	2
1000	2
300	0
500	0
2000	0
500	1
2000	1
1000	1
100	1
50	1
2000	1
1000	1
500	1
1000	1
2000	1
2000	2
2000	1
2000	1
1000	2
500	1
500	1
1000	1
1000	2
500	1
2000	2
500	1
500	2
1000	5
500	1
2000	2
500	1
2000	1
500	6
500	1
500	1
500	2
500	3
500	7
2000	4
500	2
500	5
500	3
2000	10
500	1
500	6
500	2
2000	12
1000	3
1000	2
2000	1
500	1
2000	3
2000	1
100	1
4000	1
1000	1
100	1
2000	1
1000	3
2000	4
3000	20
3000	8
4000	5
1000	5
1000	1
3000	3
5000	10
6000	2
6000	3
2000	1
600	1
1000	1
1000	1
1000	1
1000	1
2000	2
3000	5
4000	2
200	1
1000	1
2000	2
3000	1
6000	1
2000	10
600	1
200	2
4000	1
4000	2
200	10
1000	4
1000	1
100	1
100	1
200	1
1000	10
2000	2
2000	10
100	1
100	4
200	3
600	1
600	3
100	4
200	2
4000	1
4000	1
200	1
1000	8
200	2
1000	4
2000	2
4000	2
3000	2
4000	25
4000	25
4000	25
4000	25
2000	1
2000	2
200	0
1000	0
1000	0
1000	0
2000	0
2000	0
2000	0
2000	0
2000	0
3000	0
3000	0
4000	0
5000	0
100	0
100	0
3000	0
1000	2
600	1
200	2
1000	1
1000	1
100	1
100	1
100	4
600	1
100	1
100	1
200	1
1000	1
2000	1
2000	4
1000	1
4000	5
4000	5
100	1
1000	2
1000	1
2000	1
2000	2
1000	2
1000	1
2000	1
3000	1
4000	1
100	1
3000	1
6000	1
4000	5
2000	1
200	1
1000	4
100	1
100	1
600	2
100	1
100	1
1000	4
2000	1
200	1
1000	6
100	5
1000	2
1000	5
3000	1
100	2
6000	2
100	1
100	1
600	2
600	5
1000	3
100	2
200	5
1000	1
1000	15
600	1
200	1
2000	1
200	2
1000	1
200	2
1000	1
1000	2
2000	4
1000	20
100	3
200	1
1000	5
200	1
2000	5
2000	5
6000	3
1000	1
2000	10
4000	25
4000	25
4000	25
4000	25
4000	2
3000	2
5000	1
6000	3
2000	20
4000	50
4000	50
4000	50
4000	50
1000	1
2000	1
2000	3
3000	5
4000	3
600	1
4000	25
4000	25
4000	25
4000	25
4000	4
200	1
2000	1
6000	1
3000	1
2000	1
4000	4
2000	1
24	0
50	0
16	0
50	1
20	2
50	1
40	1
50	1
50	10
10	1
50	10
100	10
250	1
2	0
2	0
2	0
5	0
250	0
50	0
15	0
20	0
10	0
12	0
50	5
10	1
50	1
250	4
50	7
250	1
50	20
50	2
250	6
50	3
10	0
20	0
15	2
4	0
2	0
2	2
15	3
6	1
80	1
30	1
180	9
180	1
30	1
40	1
1	1
5	1
180	1
1	0
10	0
3	0
3	1
15	2
60	1
80	1
40	2
80	1
100	1
100	1
40	1
60	1
100	1
60	1
30	1
80	1
25	1
6	1
30	7
80	3
40	3
25	4
30	1
40	1
100	1
100	4
80	1
100	3
40	1
10	1
180	1
180	1
15	2
22	1
1	1
2	1
60	1
1	1
20	2
180	1
6	1
40	2
25	1
4	3
15	1
180	1
22	2
20	2
5	3
20	1
180	100
160	75
180	75
30	4
60	5
100	4
100	5
20	3
30	1
80	5
40	10
3	3
25	8
26	5
180	2
100	1
1	1
10	4
7	0
1	0
15	0
1	0
2	0
2	0
6	0
10	1
4	1
1	0
1	1
6	1
1	0
3	0
6	0
5	0
3	0
1	0
20	0
3	0
2	0
3	0
2	0
10	1
10	1
10	4
10	1
1	1
1	1
7	1
10	2
5000	1
500	1
5000	1
7500	1
500	2
500	1
500	1
3000	1
1500	1
4000	1
2000	1
3000	1
5000	1
5000	1
4000	1
500	10
500	5
3000	5
2000	2
4000	1
2500	1
100	1
2000	1
5000	1
6000	2
300	1
5000	10
1500	1
4000	3
5000	1
6000	1
500	1
500	0
1500	0
4000	0
10	0
100	0
1500	1
3000	1
1500	1
2000	1
6000	1
3000	2
3000	1
5000	1
3000	1
3000	1
5000	1
500	1
1500	1
1500	1
2000	2
4000	1
5000	1
300	1
300	1
3000	2
5000	1
1500	1
500	1
5000	15
2000	1
4000	3
5000	3
500	4
6000	1
300	1
1500	2
4000	1
5000	4
1500	1
3000	4
500	8
5000	2
5000	7
7500	5
500	3
2000	4
2500	2
2500	10
3000	5
2000	5
3000	3
5000	4
6000	10
6000	15
500	20
500	1
5000	45
3000	1
400	1
1500	1
2000	7
4000	8
6000	1
500	3
5000	1
5000	1
5000	1
1	0
1	0
5	0
10	0
3	0
5	0
5	1
2	1
6	1
20	1
50	3
50	2
50	1
50	1
50	3
50	1
50	1
2	3
3000	1
3000	1
500	1
150	0
4000	0
10	0
300	0
500	1
500	1
3000	3
5000	2
3000	1
400	1
4000	1
3000	10
5000	5
500	1
3000	1
20	1
40	2
120	1
120	2
180	1
10	1
1	1
6	1
6	3
2	2
2	2
10	2
20	2
20	6
40	2
100	3
120	7
120	8
180	10
20	3
40	2
60	3
80	1
100	2
10	1
20	1
50	1
50	1
50	2
20	1
40	1
100	3
6	1
20	1
100	1
120	1
10	1
100	1
20	1
20	1
1	0
6	0
5	0
2	0
2	0
5	0
50	0
5	0
1	0
8	0
10	0
25	1
